1.000000000000000000e+00
1.006024078222576223e+00
1.012084445963584045e+00
1.018181321833921515e+00
1.024314925761415029e+00
1.030485478998754090e+00
1.036693204131471369e+00
1.042938325085972506e+00
1.049221067137612984e+00
1.055541656918824955e+00
1.061900322427291599e+00
1.068297293034172535e+00
1.074732799492376767e+00
1.081207073944887131e+00
1.087720349933133823e+00
1.094272862405418767e+00
1.100864847725391504e+00
1.107496543680573708e+00
1.114168189490938321e+00
1.120880025817537762e+00
1.127632294771185872e+00
1.134425239921190487e+00
1.141259106304140625e+00
1.148134140432744088e+00
1.155050590304721236e+00
1.162008705411749609e+00
1.169008736748464505e+00
1.176050936821512405e+00
1.183135559658659020e+00
1.190262860817954182e+00
1.197433097396948920e+00
1.204646528041969811e+00
1.211903412957449522e+00
1.219204013915312190e+00
1.226548594264416758e+00
1.233937418940056485e+00
1.241370754473515303e+00
1.248848869001682127e+00
1.256372032276724005e+00
1.263940515675816112e+00
1.271554592210930368e+00
1.279214536538685110e+00
1.286920624970250504e+00
1.294673135481318127e+00
1.302472347722125612e+00
1.310318543027546134e+00
1.318212004427236073e+00
1.326153016655844619e+00
1.334141866163284895e+00
1.342178841125066135e+00
1.350264231452690256e+00
1.358398328804108157e+00
1.366581426594240867e+00
1.374813820005564180e+00
1.383095805998756589e+00
1.391427683323410047e+00
1.399809752528808460e+00
1.408242315974767012e+00
1.416725677842540776e+00
1.425260144145796382e+00
1.433846022741650961e+00
1.442483623341776600e+00
1.451173257523572513e+00
1.459915238741405163e+00
1.468709882337914108e+00
1.477557505555388673e+00
1.486458427547208805e+00
1.495412969389360747e+00
1.504421454092017107e+00
1.513484206611189320e+00
1.522601553860448931e+00
1.531773824722720168e+00
1.541001350062144448e+00
1.550284462736014390e+00
1.559623497606780651e+00
1.569018791554131820e+00
1.578470683487145809e+00
1.587979514356515631e+00
1.597545627166847781e+00
1.607169366989035675e+00
1.616851080972705690e+00
1.626591118358742261e+00
1.636389830491882913e+00
1.646247570833394347e+00
1.656164694973820684e+00
1.666141560645811870e+00
1.676178527737027579e+00
1.686275958303117939e+00
1.696434216580785748e+00
1.706653669000922857e+00
1.716934684201831152e+00
1.727277633042517246e+00
1.737682888616071564e+00
1.748150826263126678e+00
1.758681823585396931e+00
1.769276260459298422e+00
1.779934519049652497e+00
1.790656983823471160e+00
1.801444041563825760e+00
1.812296081383800050e+00
1.823213494740524521e+00
1.834196675449297986e+00
1.845246019697793782e+00
1.856361926060350553e+00
1.867544795512350309e+00
1.878795031444681962e+00
1.890113039678292139e+00
1.901499228478825465e+00
1.912954008571350117e+00
1.924477793155174421e+00
1.936070997918752257e+00
1.947734041054675957e+00
1.959467343274763795e+00
1.971271327825234287e+00
1.983146420501975316e+00
1.995093049665900953e+00
2.007111646258406434e+00
2.019202643816910836e+00
2.031366478490496341e+00
2.043603589055642544e+00
2.055914416932051125e+00
2.068299406198571777e+00
2.080759003609220059e+00
2.093293658609291619e+00
2.105903823351576776e+00
2.118589952712668811e+00
2.131352504309373508e+00
2.144191938515217277e+00
2.157108718477050324e+00
2.170103310131756835e+00
2.183176182223061979e+00
2.196327806318438824e+00
2.209558656826120515e+00
2.222869211012211466e+00
2.236259949017905146e+00
2.249731353876803119e+00
2.263283911532339321e+00
2.276918110855308264e+00
2.290634443661501152e+00
2.304433404729445467e+00
2.318315491818253360e+00
2.332281205685576619e+00
2.346331050105670890e+00
2.360465531887566470e+00
2.374685160893352354e+00
2.388990450056564629e+00
2.403381915400692570e+00
2.417860076057791741e+00
2.432425454287207689e+00
2.447078575494419539e+00
2.461819968249987944e+00
2.476650164308625612e+00
2.491569698628377072e+00
2.506579109389915239e+00
2.521678938015955662e+00
2.536869729190786238e+00
2.552152030879917266e+00
2.567526394349844754e+00
2.582993374187937174e+00
2.598553528322441242e+00
2.614207418042607145e+00
2.629955608018934576e+00
2.645798666323543991e+00
2.661737164450664217e+00
2.677771677337253298e+00
2.693902783383732125e+00
2.710131064474851303e+00
2.726457106000681474e+00
2.742881496877728420e+00
2.759404829570176521e+00
2.776027700111262320e+00
2.792750708124770220e+00
2.809574456846669399e+00
2.826499553146865296e+00
2.843526607551098540e+00
2.860656234262963782e+00
2.877889051186063529e+00
2.895225679946304087e+00
2.912666745914311406e+00
2.930212878227996143e+00
2.947864709815242179e+00
2.965622877416740355e+00
2.983488021608960761e+00
3.001460786827251592e+00
3.019541821389094327e+00
3.037731777517482801e+00
3.056031311364453273e+00
3.074441083034754829e+00
3.092961756609657442e+00
3.111594000170911034e+00
3.130338485824839534e+00
3.149195889726589037e+00
3.168166892104517629e+00
3.187252177284730426e+00
3.206452433715770489e+00
3.225768353993444748e+00
3.245200634885811120e+00
3.264749977358317512e+00
3.284417086599077606e+00
3.304202672044316280e+00
3.324107447403956694e+00
3.344132130687366811e+00
3.364277444229257341e+00
3.384544114715743568e+00
3.404932873210551492e+00
3.425444455181391845e+00
3.446079600526495312e+00
3.466839053601289855e+00
3.487723563245266778e+00
3.508733882808978688e+00
3.529870770181222639e+00
3.551134987816380484e+00
3.572527302761912882e+00
3.594048486686039823e+00
3.615699315905568589e+00
3.637480571413898023e+00
3.659393038909196871e+00
3.681437508822736682e+00
3.703614776347410764e+00
3.725925641466417026e+00
3.748370908982113114e+00
3.770951388545050520e+00
3.793667894683177888e+00
3.816521246831225067e+00
3.839512269360260799e+00
3.862641791607427599e+00
3.885910647905862714e+00
3.909319677614788713e+00
3.932869725149796825e+00
3.956561640013301684e+00
3.980396276825185264e+00
4.004374495353632213e+00
4.028497160546130829e+00
4.052765142560686762e+00
4.077179316797202802e+00
4.101740563929058503e+00
4.126449769934881218e+00
4.151307826130500089e+00
4.176315629201102553e+00
4.201474081233578239e+00
4.226784089749054729e+00
4.252246567735644689e+00
4.277862433681364429e+00
4.303632611607281611e+00
4.329558031100833482e+00
4.355639627349367160e+00
4.381878341173873537e+00
4.408275119062916581e+00
4.434830913206788239e+00
4.461546681531845415e+00
4.488423387735068104e+00
4.515462001318824470e+00
4.542663497625839319e+00
4.570028857874379291e+00
4.597559069193644987e+00
4.625255124659381600e+00
4.653118023329701813e+00
4.681148770281118310e+00
4.709348376644808987e+00
4.737717859643079343e+00
4.766258242626064678e+00
4.794970555108642785e+00
4.823855832807566024e+00
4.852915117678829660e+00
4.882149457955250682e+00
4.911559908184280232e+00
4.941147529266052274e+00
4.970913388491639218e+00
5.000858559581564222e+00
5.030984122724523111e+00
5.061291164616354088e+00
5.091780778499237492e+00
5.122454064201126478e+00
5.153312128175427276e+00
5.184356083540906823e+00
5.215587050121845536e+00
5.247006154488435214e+00
5.278614529997411431e+00
5.310413316832944375e+00
5.342403662047756185e+00
5.374586719604508289e+00
5.406963650417425882e+00
5.439535622394165770e+00
5.472303810477958663e+00
5.505269396689979722e+00
5.538433570171994447e+00
5.571797527229253255e+00
5.605362471373637412e+00
5.639129613367085625e+00
5.673100171265256009e+00
5.707275370461466935e+00
5.741656443730909665e+00
5.776244631275102570e+00
5.811041180766639336e+00
5.846047347394190297e+00
5.881264393907776444e+00
5.916693590664329427e+00
5.952336215673505571e+00
5.988193554643796546e+00
6.024266901028898502e+00
6.060557556074371632e+00
6.097066828864589283e+00
6.133796036369943749e+00
6.170746503494363822e+00
6.207919563123101447e+00
6.245316556170817712e+00
6.282938831629940601e+00
6.320787746619339842e+00
6.358864666433277080e+00
6.397170964590645603e+00
6.435708022884533364e+00
6.474477231432050672e+00
6.513479988724486525e+00
6.552717701677747364e+00
6.592191785683112037e+00
6.631903664658292286e+00
6.671854771098783665e+00
6.712046546129551317e+00
6.752480439557007941e+00
6.793157909921314186e+00
6.834080424548993449e+00
6.875249459605855762e+00
6.916666500150244090e+00
6.958333040186622576e+00
7.000250582719443670e+00
7.042420639807378535e+00
7.084844732617863627e+00
7.127524391481959931e+00
7.170461155949568344e+00
7.213656574844953262e+00
7.257112206322618775e+00
7.300829617923518811e+00
7.344810386631591470e+00
7.389056098930649519e+00
7.433568350861612828e+00
7.478348748080071218e+00
7.523398905914206125e+00
7.568720449423079089e+00
7.614315013455215109e+00
7.660184242707607893e+00
7.706329791785023531e+00
7.752753325259702954e+00
7.799456517731406358e+00
7.846441053887802219e+00
7.893708628565256902e+00
7.941260946809959087e+00
7.989099723939428799e+00
8.037226685604402121e+00
8.085643567851061420e+00
8.134352117183667019e+00
8.183354090627560140e+00
8.232651255792536205e+00
8.282245390936621376e+00
8.332138285030195490e+00
8.382331737820539530e+00
8.432827559896754366e+00
8.483627572755064961e+00
8.534733608864547350e+00
8.586147511733196680e+00
8.637871135974457104e+00
8.689906347374101614e+00
8.742255022957539978e+00
8.794919051057547676e+00
8.847900331382344774e+00
8.901200775084149086e+00
8.954822304828113033e+00
9.008766854861665507e+00
9.063036371084303155e+00
9.117632811117768910e+00
9.172558144376671052e+00
9.227814352139525056e+00
9.283403427620221748e+00
9.339327376039937789e+00
9.395588214699451157e+00
9.452187973051916714e+00
9.509128692776075198e+00
9.566412427849899203e+00
9.624041244624692126e+00
9.682017221899613446e+00
9.740342450996665846e+00
9.799019035836151303e+00
9.858049093012535735e+00
9.917434751870841225e+00
9.977178154583407732e+00
1.003728145622719836e+01
1.009774682486152386e+01
1.015857644160625739e+01
1.021977250072051291e+01
1.028133720968178899e+01
1.034327278926559401e+01
1.040558147362557584e+01
1.046826551037408137e+01
1.053132716066327212e+01
1.059476869926665188e+01
1.065859241466113616e+01
1.072280060910961197e+01
1.078739559874397180e+01
1.085237971364868059e+01
1.091775529794480093e+01
1.098352470987456719e+01
1.104969032188645173e+01
1.111625452072073905e+01
1.118321970749562766e+01
1.125058829779383807e+01
1.131836272174974312e+01
1.138654542413705606e+01
1.145513886445697516e+01
1.152414551702693757e+01
1.159356787106985998e+01
1.166340843080392631e+01
1.173366971553294391e+01
1.180435425973718822e+01
1.187546461316484780e+01
1.194700334092398997e+01
1.201897302357509112e+01
1.209137625722414100e+01
1.216421565361626023e+01
1.223749384022993070e+01
1.231121346037177133e+01
1.238537717327187870e+01
1.245998765417978049e+01
1.253504759446089345e+01
1.261055970169364393e+01
1.268652669976711422e+01
1.276295132897930884e+01
1.283983634613601232e+01
1.291718452465021372e+01
1.299499865464215809e+01
1.307328154303999668e+01
1.315203601368102504e+01
1.323126490741358197e+01
1.331097108219946890e+01
1.339115741321708875e+01
1.347182679296514074e+01
1.355298213136695651e+01
1.363462635587548810e+01
1.371676241157888221e+01
1.379939326130672761e+01
1.388252188573693147e+01
1.396615128350323332e+01
1.405028447130338876e+01
1.413492448400797130e+01
1.422007437476984393e+01
1.430573721513430741e+01
1.439191609514989167e+01
1.447861412347982935e+01
1.456583442751416868e+01
1.465358015348261134e+01
1.474185446656798071e+01
1.483066055102041325e+01
1.492000161027223726e+01
1.500988086705348046e+01
1.510030156350816455e+01
1.519126696131122856e+01
1.528278034178619649e+01
1.537484500602356619e+01
1.546746427499983945e+01
1.556064148969734440e+01
1.565438001122474709e+01
1.574868322093829143e+01
1.584355452056379931e+01
1.593899733231932814e+01
1.603501509903865241e+01
1.613161128429545244e+01
1.622878937252823661e+01
1.632655286916606130e+01
1.642490530075494348e+01
1.652385021508509766e+01
1.662339118131890814e+01
1.672353179011964741e+01
1.682427565378106848e+01
1.692562640635763316e+01
1.702758770379563202e+01
1.713016322406507541e+01
1.723335666729233395e+01
1.733717175589366022e+01
1.744161223470940669e+01
1.754668187113913902e+01
1.765238445527754152e+01
1.775872380005111495e+01
1.786570374135575179e+01
1.797332813819505049e+01
1.808160087281956763e+01
1.819052585086683749e+01
1.830010700150224778e+01
1.841034827756081427e+01
1.852125365568970849e+01
1.863282713649176259e+01
1.874507274466973072e+01
1.885799452917149566e+01
1.897159656333614208e+01
1.908588294504083649e+01
1.920085779684869465e+01
1.931652526615747689e+01
1.943288952534917158e+01
1.954995477194055908e+01
1.966772522873455742e+01
1.978620514397259100e+01
1.990539879148782276e+01
2.002531047085930993e+01
2.014594450756714394e+01
2.026730525314840747e+01
2.038939708535420436e+01
2.051222440830754934e+01
2.063579165266222404e+01
2.076010327576264558e+01
2.088516376180460199e+01
2.101097762199702856e+01
2.113754939472473637e+01
2.126488364571211775e+01
2.139298496818787498e+01
2.152185798305063358e+01
2.165150733903571023e+01
2.178193771288274405e+01
2.191315380950442560e+01
2.204516036215622421e+01
2.217796213260709237e+01
2.231156391131125361e+01
2.244597051758099937e+01
2.258118679976054111e+01
2.271721763540090322e+01
2.285406793143584991e+01
2.299174262435888849e+01
2.313024668040137044e+01
2.326958509571158373e+01
2.340976289653504239e+01
2.355078513939573170e+01
2.369265691127854012e+01
2.383538332981274621e+01
2.397896954345661769e+01
2.412342073168317569e+01
2.426874210516695030e+01
2.441493890597200789e+01
2.456201640774100525e+01
2.470997991588542675e+01
2.485883476777701162e+01
2.500858633294019739e+01
2.515924001324588133e+01
2.531080124310624768e+01
2.546327548967078513e+01
2.561666825302357253e+01
2.577098506638157005e+01
2.592623149629430301e+01
2.608241314284459733e+01
2.623953563985063653e+01
2.639760465506917342e+01
2.655662589039995325e+01
2.671660508209141582e+01
2.687754800094761620e+01
2.703946045253635688e+01
2.720234827739869488e+01
2.736621735125950750e+01
2.753107358523952186e+01
2.769692292606850614e+01
2.786377135629979662e+01
2.803162489452612505e+01
2.820048959559666812e+01
2.837037155083548612e+01
2.854127688826127240e+01
2.871321177280836068e+01
2.888618240654914970e+01
2.906019502891781414e+01
2.923525591693533343e+01
2.941137138543599150e+01
2.958854778729508084e+01
2.976679151365818399e+01
2.994610899417158123e+01
3.012650669721426766e+01
3.030799113013124924e+01
3.049056883946829899e+01
3.067424641120809881e+01
3.085903047100779872e+01
3.104492768443801154e+01
3.123194475722329244e+01
3.142008843548397223e+01
3.160936550597959638e+01
3.179978279635361815e+01
3.199134717537979000e+01
3.218406555320986939e+01
3.237794488162291628e+01
3.257299215427607919e+01
3.276921440695679877e+01
3.296661871783667408e+01
3.316521220772677481e+01
3.336500204033444561e+01
3.356599542252183710e+01
3.376819960456574421e+01
3.397162188041922093e+01
3.417626958797465164e+01
3.438215010932844962e+01
3.458927087104740394e+01
3.479763934443646889e+01
3.500726304580835802e+01
3.521814953675460913e+01
3.543030642441839007e+01
3.564374136176893160e+01
3.585846204787750935e+01
3.607447622819520205e+01
3.629179169483231959e+01
3.651041628683941553e+01
3.673035789049016131e+01
3.695162443956569120e+01
3.717422391564089423e+01
3.739816434837226922e+01
3.762345381578762726e+01
3.785010044457742140e+01
3.807811241038791650e+01
3.830749793811614978e+01
3.853826530220652558e+01
3.877042282694941377e+01
3.900397888678131864e+01
3.923894190658700154e+01
3.947532036200340144e+01
3.971312277972535298e+01
3.995235773781319466e+01
4.019303386600213202e+01
4.043515984601358326e+01
4.067874441186834389e+01
4.092379635020161288e+01
4.117032450058000848e+01
4.141833775582035315e+01
4.166784506231049789e+01
4.191885542033204359e+01
4.217137788438496671e+01
4.242542156351432681e+01
4.268099562163870786e+01
4.293810927788089771e+01
4.319677180690037943e+01
4.345699253922791172e+01
4.371878086160212717e+01
4.398214621730809171e+01
4.424709810651794584e+01
4.451364608663361366e+01
4.478179977263155820e+01
4.505156883740963281e+01
4.532296301213596479e+01
4.559599208660000613e+01
4.587066590956565193e+01
4.614699438912651885e+01
4.642498749306340500e+01
4.670465524920374634e+01
4.698600774578343220e+01
4.726905513181060314e+01
4.755380761743190021e+01
4.784027547430063265e+01
4.812846903594741121e+01
4.841839869815280650e+01
4.871007491932235922e+01
4.900350822086391389e+01
4.929870918756702736e+01
4.959568846798497788e+01
4.989445677481864294e+01
5.019502488530309847e+01
5.049740364159632833e+01
5.080160395117029282e+01
5.110763678720447700e+01
5.141551318898161327e+01
5.172524426228594052e+01
5.203684117980382240e+01
5.235031518152671026e+01
5.266567757515674231e+01
5.298293973651447430e+01
5.330211310994928198e+01
5.362320920875222185e+01
5.394623961557129377e+01
5.427121598282934656e+01
5.459815003314424331e+01
5.492705355975182613e+01
5.525793842693143887e+01
5.559081657043355307e+01
5.592569999791076185e+01
5.626260078935048625e+01
5.660153109751108502e+01
5.694250314836010318e+01
5.728552924151509274e+01
5.763062175068768056e+01
5.797779312412950503e+01
5.832705588508157746e+01
5.867842263222591725e+01
5.903190604013981613e+01
5.938751885975341338e+01
5.974527391880926785e+01
6.010518412232539021e+01
6.046726245306065550e+01
6.083152197198291589e+01
6.119797581874053805e+01
6.156663721213593732e+01
6.193751945060277819e+01
6.231063591268557644e+01
6.268600005752204396e+01
6.306362542532900761e+01
6.344352563789041710e+01
6.382571439904905475e+01
6.421020549520076770e+01
6.459701279579152811e+01
6.498615025381816679e+01
6.537763190633123145e+01
6.577147187494173863e+01
6.616768436633039130e+01
6.656628367275988012e+01
6.696728417259080857e+01
6.737070033079996279e+01
6.777654669950241839e+01
6.818483791847634734e+01
6.859558871569089433e+01
6.900881390783791858e+01
6.942452840086592403e+01
6.984274719051816760e+01
7.026348536287351010e+01
7.068675809489026562e+01
7.111258065495424319e+01
7.154096840342891994e+01
7.197193679321000559e+01
7.240550137028264999e+01
7.284167777428204715e+01
7.328048173905806095e+01
7.372192909324218135e+01
7.416603576081905658e+01
7.461281776170065427e+01
7.506229121230394696e+01
7.551447232613269023e+01
7.596937741436184410e+01
7.642702288642634301e+01
7.688742525061284994e+01
7.735060111465499233e+01
7.781656718633298908e+01
7.828534027407579288e+01
7.875693728756779421e+01
7.923137523835866602e+01
7.970867124047680363e+01
8.018884251104708483e+01
8.067190637091145788e+01
8.115788024525413391e+01
8.164678166423006189e+01
8.213862826359695646e+01
8.263343778535200101e+01
8.313122807837132200e+01
8.363201709905422376e+01
8.413582291197080565e+01
8.464266369051330230e+01
8.515255771755221303e+01
8.566552338609514550e+01
8.618157919995087468e+01
8.670074377439657098e+01
8.722303583684904993e+01
8.774847422754083937e+01
8.827707790019921674e+01
8.880886592273043334e+01
8.934385747790730647e+01
8.988207186406087601e+01
9.042352849577723362e+01
9.096824690459710894e+01
9.151624673972099799e+01
9.206754776871771639e+01
9.262216987823720160e+01
9.318013307472850215e+01
9.374145748516069432e+01
9.430616335774956838e+01
9.487427106268773969e+01
9.544580109287923619e+01
9.602077406467924447e+01
9.659921071863713848e+01
9.718113192024529212e+01
9.776655866069141609e+01
9.835551205761547067e+01
9.894801335587213487e+01
9.954408392829637364e+01
1.001437452764750873e+02
1.007470190315223704e+02
1.013539269548595882e+02
1.019644909390009957e+02
1.025787330083426667e+02
1.031966753199576488e+02
1.038183401643949111e+02
1.044437499664832245e+02
1.050729272861405690e+02
1.057058948191872929e+02
1.063426753981654542e+02
1.069832919931620836e+02
1.076277677126375636e+02
1.082761258042598058e+02
1.089283896557421230e+02
1.095845827956875382e+02
1.102447288944371877e+02
1.109088517649239662e+02
1.115769753635320143e+02
1.122491237909603541e+02
1.129253212930927077e+02
1.136055922618718910e+02
1.142899612361794794e+02
1.149784529027214717e+02
1.156710920969182155e+02
1.163679038038008144e+02
1.170689131589122240e+02
1.177741454492134210e+02
1.184836261139966211e+02
1.191973807458017802e+02
1.199154350913406262e+02
1.206378150524251680e+02
1.213645466869016190e+02
1.220956562095910982e+02
1.228311699932344965e+02
1.235711145694442479e+02
1.243155166296614595e+02
1.250644030261185975e+02
1.258178007728076722e+02
1.265757370464556288e+02
1.273382391875036745e+02
1.281053347010942787e+02
1.288770512580630339e+02
1.296534166959365280e+02
1.304344590199371794e+02
1.312202064039926483e+02
1.320106871917528508e+02
1.328059298976120601e+02
1.336059632077372044e+02
1.344108159811033261e+02
1.352205172505337316e+02
1.360350962237481269e+02
1.368545822844157271e+02
1.376790049932149884e+02
1.385083940889006442e+02
1.393427794893755447e+02
1.401821912927706819e+02
1.410266597785305294e+02
1.418762154085049758e+02
1.427308888280489612e+02
1.435907108671269157e+02
1.444557125414257541e+02
1.453259250534733553e+02
1.462013797937636639e+02
1.470821083418899491e+02
1.479681424676828669e+02
1.488595141323574467e+02
1.497562554896655058e+02
1.506583988870553128e+02
1.515659768668391223e+02
1.524790221673660540e+02
1.533975677242041513e+02
1.543216466713277555e+02
1.552512923423125528e+02
1.561865382715387796e+02
1.571274181953998550e+02
1.580739660535203370e+02
1.590262159899796757e+02
1.599842023545435552e+02
1.609479597039038481e+02
1.619175228029241680e+02
1.628929266258946598e+02
1.638742063577935255e+02
1.648613973955554002e+02
1.658545353493495327e+02
1.668536560438629976e+02
1.678587955195939685e+02
1.688699900341515274e+02
1.698872760635628367e+02
1.709106903035902292e+02
1.719402696710534997e+02
1.729760513051626845e+02
1.740180725688574626e+02
1.750663710501541175e+02
1.761209845635029012e+02
1.771819511511504857e+02
1.782493090845136408e+02
1.793230968655589948e+02
1.804033532281916621e+02
1.814901171396534494e+02
1.825834278019271721e+02
1.836833246531519990e+02
1.847898473690455603e+02
1.859030358643345267e+02
1.870229302941957883e+02
1.881495710557033476e+02
1.892829987892869781e+02
1.904232543801975339e+02
1.915703789599813263e+02
1.927244139079649301e+02
1.938854008527465851e+02
1.950533816736989934e+02
1.962283985024794504e+02
1.974104937245491556e+02
1.985997099807033237e+02
1.997960901686079751e+02
2.009996774443484924e+02
2.022105152239859365e+02
2.034286471851225713e+02
2.046541172684787568e+02
2.058869696794762660e+02
2.071272488898345330e+02
2.083749996391740069e+02
2.096302669366295959e+02
2.108930960624755073e+02
2.121635325697570238e+02
2.134416222859352672e+02
2.147274113145394097e+02
2.160209460368294003e+02
2.173222731134703167e+02
2.186314394862138215e+02
2.199484923795931479e+02
2.212734793026256170e+02
2.226064480505261542e+02
2.239474467064325154e+02
2.252965236431381868e+02
2.266537275248388426e+02
2.280191073088870439e+02
2.293927122475577107e+02
2.307745918898260413e+02
2.321647960831533624e+02
2.335633749752866208e+02
2.349703790160668007e+02
2.363858589592478836e+02
2.378098658643293390e+02
2.392424510983963160e+02
2.406836663379738184e+02
2.421335635708903737e+02
2.435921950981524731e+02
2.450596135358328809e+02
2.465358718169669316e+02
2.480210231934632645e+02
2.495151212380242498e+02
2.510182198460775567e+02
2.525303732377223298e+02
2.540516359596825851e+02
2.555820628872770897e+02
2.571217092263975701e+02
2.586706305154997949e+02
2.602288826276084137e+02
2.617965217723306068e+02
2.633736044978854238e+02
2.649601876931426432e+02
2.665563285896745356e+02
2.681620847638215537e+02
2.697775141387678559e+02
2.714026749866318369e+02
2.730376259305678559e+02
2.746824259468800165e+02
2.763371343671511795e+02
2.780018108803813561e+02
2.796765155351424710e+02
2.813613087417438692e+02
2.830562512744104424e+02
2.847614042734768418e+02
2.864768292475907856e+02
2.882025880759337610e+02
2.899387430104522423e+02
2.916853566781025506e+02
2.934424920831116310e+02
2.952102126092478898e+02
2.969885820221091990e+02
2.987776644714225540e+02
3.005775244933569184e+02
3.023882270128533492e+02
3.042098373459647860e+02
3.060424212022139727e+02
3.078860446869629186e+02
3.097407743037966270e+02
3.116066769569241615e+02
3.134838199535896024e+02
3.153722710065019328e+02
3.172720982362767472e+02
3.191833701738928539e+02
3.211061557631660435e+02
3.230405243632339420e+02
3.249865457510600208e+02
3.269442901239493722e+02
3.289138281020805721e+02
3.308952307310546530e+02
3.328885694844558429e+02
3.348939162664315745e+02
3.369113434142855681e+02
3.389409237010863762e+02
3.409827303382941182e+02
3.430368369783994922e+02
3.451033177175823425e+02
3.471822470983838116e+02
3.492737001123941241e+02
3.513777522029599822e+02
3.534944792679035004e+02
3.556239576622620575e+02
3.577662642010418494e+02
3.599214761619875844e+02
3.620896712883727560e+02
3.642709277918006592e+02
3.664653243550287698e+02
3.686729401348054012e+02
3.708938547647244377e+02
3.731281483581001339e+02
3.753759015108542485e+02
3.776371953044255179e+02
3.799121113086938522e+02
3.822007315849214137e+02
3.845031386887150120e+02
3.868194156730017426e+02
3.891496460910270230e+02
3.914939139993673507e+02
3.938523039609619900e+02
3.962249010481648384e+02
3.986117908458113561e+02
4.010130594543076086e+02
4.034287934927351102e+02
